Initial Fitness Value

480  600  720  640  384  324  3705  456  624  2106  6400  80  528  192  420  1700  112  1872  96  60  304  4352  300  38  1386  1600  342  2470  768  561  


NUMBER OF STEPS
8

RANK OUTPUT
[28, 40, 60, 96, 150, 156, 168, 192, 256, 304, 320, 384, 384, 420, 468, 540, 561, 576, 594, 780, 990, 1216, 1600, 1600, 1700, 2052, 3705, 4212, 4352, 6400]
34304

ROULETE OUTPUT
[38, 60, 60, 80, 96, 112, 192, 285, 288, 300, 300, 304, 384, 390, 432, 456, 528, 600, 624, 627, 810, 936, 1026, 1080, 1280, 1280, 1344, 1632, 2106, 2240]
19890

TOURNAMENT OUTPUT
[38, 60, 72, 80, 90, 112, 192, 240, 270, 300, 304, 324, 384, 480, 480, 528, 608, 640, 720, 960, 988, 1120, 1539, 1700, 2160, 2304, 2431, 2916, 5200, 6080]
33320

HYBRID OUTPUT
[3, 32, 32, 60, 80, 192, 252, 304, 324, 360, 384, 399, 400, 420, 528, 561, 600, 624, 640, 912, 960, 1008, 1540, 1600, 1700, 3705, 3978, 4256, 4352, 6400]
36606



Initial Fitness Value

256  2000  384  720  117  4590  1064  60  180  462  1716  650  285  171  1980  54  209  2970  380  108  720  180  340  66  495  480  2080  1287  342  528  


NUMBER OF STEPS
19

RANK OUTPUT
[20, 24, 33, 36, 40, 66, 75, 90, 100, 132, 171, 180, 187, 294, 480, 495, 594, 600, 608, 660, 960, 1120, 1170, 1512, 1521, 2142, 2145, 2970, 3200, 3876]
25501

ROULETE OUTPUT
[30, 36, 54, 60, 60, 66, 70, 108, 117, 133, 171, 180, 192, 209, 306, 340, 380, 384, 504, 528, 576, 650, 900, 945, 960, 1064, 1092, 1573, 2106, 4800]
18594

TOURNAMENT OUTPUT
[54, 60, 60, 66, 88, 108, 108, 117, 160, 180, 221, 242, 272, 320, 350, 378, 532, 560, 561, 624, 630, 646, 720, 1140, 1287, 1404, 1500, 2280, 2299, 2800]
19767

HYBRID OUTPUT
[32, 66, 66, 70, 105, 105, 152, 171, 171, 180, 216, 324, 342, 380, 405, 480, 528, 750, 1020, 1064, 1170, 1280, 1350, 1540, 1560, 1980, 2166, 2431, 2880, 2970]
25954



Initial Fitness Value

800  650  4760  1440  2640  3264  5700  512  3420  288  110  1520  135  18  2700  44  440  3366  2430  330  320  2592  684  616  200  3564  128  420  40  27  


NUMBER OF STEPS
2

RANK OUTPUT
[18, 27, 40, 44, 110, 128, 135, 150, 200, 240, 288, 420, 440, 512, 576, 616, 684, 800, 960, 1296, 1520, 2040, 2430, 2640, 2700, 3366, 3420, 3564, 4760, 5700]
39824

ROULETE OUTPUT
[18, 27, 40, 44, 110, 128, 135, 200, 288, 320, 396, 420, 440, 512, 616, 650, 684, 800, 1440, 1520, 2430, 2592, 2640, 2700, 3264, 3366, 3420, 3564, 4284, 5700]
42748

TOURNAMENT OUTPUT
[18, 27, 40, 44, 110, 128, 135, 200, 240, 288, 320, 330, 420, 432, 512, 616, 650, 684, 1440, 1520, 2430, 2640, 2640, 2700, 3264, 3366, 3420, 3564, 4760, 5700]
42638

HYBRID OUTPUT
[27, 40, 44, 110, 128, 189, 200, 200, 288, 378, 396, 420, 440, 512, 616, 650, 684, 800, 972, 1440, 1520, 2430, 2640, 3264, 3366, 3420, 3456, 3564, 4760, 5700]
42654



Initial Fitness Value

120  2304  1365  380  1344  840  66  144  48  5184  810  252  2280  560  3553  48  30  720  648  1287  780  40  384  204  924  825  2128  224  112  3648  


NUMBER OF STEPS
59

RANK OUTPUT
[24, 36, 48, 54, 64, 112, 132, 150, 176, 180, 180, 209, 216, 216, 228, 396, 420, 448, 504, 570, 576, 702, 792, 900, 988, 1080, 1188, 1680, 1920, 3744]
17933

ROULETE OUTPUT
[30, 40, 42, 48, 66, 80, 112, 120, 144, 192, 252, 270, 280, 280, 306, 342, 360, 384, 484, 495, 660, 675, 720, 728, 756, 1040, 1080, 1248, 1260, 2002]
14496

TOURNAMENT OUTPUT
[16, 28, 30, 40, 48, 80, 96, 99, 160, 209, 216, 224, 234, 240, 300, 315, 320, 336, 432, 605, 825, 832, 836, 960, 990, 1200, 1584, 1760, 2280, 2816]
18111

HYBRID OUTPUT
[28, 48, 55, 80, 90, 96, 121, 132, 144, 144, 336, 352, 360, 360, 364, 375, 384, 396, 540, 561, 660, 672, 720, 858, 1056, 2048, 2223, 2280, 2850, 3420]
21753



Initial Fitness Value

104  3840  798  1500  1152  120  3420  88  528  224  195  1456  1900  918  204  1260  234  120  360  1404  288  96  408  196  24  114  72  64  2600  2394  


NUMBER OF STEPS
6

RANK OUTPUT
[20, 24, 48, 64, 72, 96, 104, 114, 160, 176, 195, 196, 204, 288, 300, 324, 360, 408, 510, 1152, 1216, 1232, 1232, 1260, 1404, 1456, 1900, 2394, 2600, 3420]
22929

ROULETE OUTPUT
[24, 64, 72, 88, 104, 114, 120, 120, 140, 195, 196, 204, 234, 288, 300, 306, 408, 448, 528, 560, 624, 640, 720, 798, 1296, 1456, 1500, 2000, 2145, 2394]
18086

TOURNAMENT OUTPUT
[18, 24, 24, 64, 72, 88, 96, 104, 114, 120, 196, 204, 234, 280, 288, 325, 360, 408, 528, 798, 912, 1456, 1500, 1512, 1536, 1620, 1920, 2550, 3230, 3458]
24039

HYBRID OUTPUT
[24, 64, 72, 96, 102, 104, 112, 114, 120, 121, 140, 195, 196, 288, 324, 360, 408, 420, 432, 646, 768, 780, 1404, 1456, 1800, 2000, 2394, 2600, 3420, 3840]
24800



Initial Fitness Value

140  1040  5472  1296  882  1540  90  60  3600  270  399  60  192  280  1836  35  256  120  1870  1080  351  1140  98  1820  48  4212  588  108  340  90  


NUMBER OF STEPS
22

RANK OUTPUT
[12, 18, 24, 56, 60, 70, 84, 90, 90, 96, 120, 171, 252, 252, 272, 500, 600, 672, 684, 714, 900, 1020, 1080, 1320, 1560, 2052, 2376, 2520, 3458, 3600]
24723

ROULETE OUTPUT
[35, 44, 48, 60, 60, 84, 90, 99, 108, 120, 150, 189, 192, 216, 240, 280, 280, 304, 432, 456, 500, 780, 988, 1200, 1274, 1320, 1428, 1690, 1710, 2040]
16417

TOURNAMENT OUTPUT
[20, 24, 24, 35, 40, 48, 48, 60, 90, 98, 160, 270, 374, 378, 399, 468, 480, 624, 672, 760, 765, 780, 784, 980, 1330, 1540, 1575, 1710, 1760, 5472]
21768

HYBRID OUTPUT
[16, 45, 45, 60, 60, 68, 90, 98, 152, 160, 189, 216, 308, 330, 390, 420, 459, 480, 490, 576, 600, 850, 910, 1080, 1440, 2660, 3192, 3240, 3456, 3600]
25680



Initial Fitness Value

1456  1200  228  1377  1140  3648  224  896  2048  468  4  2040  884  1260  600  504  855  208  810  816  780  32  6120  858  650  1547  5472  240  612  672  


NUMBER OF STEPS
2

RANK OUTPUT
[32, 64, 66, 208, 224, 228, 240, 504, 600, 612, 650, 672, 780, 810, 816, 855, 858, 884, 896, 912, 1140, 1260, 1456, 1547, 1664, 1989, 2040, 3600, 5472, 6120]
37199

ROULETE OUTPUT
[4, 32, 208, 224, 228, 240, 468, 504, 600, 612, 650, 672, 780, 810, 816, 855, 858, 884, 896, 1140, 1200, 1260, 1377, 1456, 1547, 2048, 2400, 2964, 5472, 6120]
37325

TOURNAMENT OUTPUT
[4, 32, 208, 224, 224, 228, 240, 272, 324, 468, 504, 600, 612, 650, 672, 780, 810, 816, 855, 884, 1140, 1200, 1377, 1456, 1540, 1547, 2048, 3648, 3672, 5472]
32507

HYBRID OUTPUT
[28, 32, 112, 208, 228, 240, 256, 468, 504, 600, 612, 650, 672, 780, 810, 816, 855, 858, 884, 1140, 1200, 1260, 1377, 1456, 1547, 2040, 3584, 3648, 5472, 6120]
38457



Initial Fitness Value

855  36  270  1296  1440  3230  576  840  100  4284  1530  3072  120  400  45  1092  780  700  1235  2856  360  252  300  3080  168  3332  840  2400  570  408  


NUMBER OF STEPS
36

RANK OUTPUT
[54, 84, 85, 104, 160, 192, 198, 200, 272, 288, 288, 342, 360, 360, 360, 450, 480, 855, 1040, 1050, 1092, 1120, 1344, 1470, 1530, 2000, 2380, 2880, 3780, 4788]
29606

ROULETE OUTPUT
[36, 45, 100, 120, 121, 126, 144, 150, 168, 189, 190, 252, 270, 288, 320, 360, 384, 400, 480, 600, 600, 648, 672, 1078, 1092, 1170, 2280, 2400, 2520, 2565]
19768

TOURNAMENT OUTPUT
[30, 36, 45, 80, 100, 100, 108, 110, 126, 168, 176, 260, 288, 324, 324, 350, 384, 390, 544, 672, 780, 864, 1050, 1176, 1800, 2016, 2856, 2926, 3240, 4800]
26123

HYBRID OUTPUT
[36, 40, 60, 80, 90, 112, 140, 150, 171, 200, 240, 252, 288, 330, 330, 375, 400, 432, 448, 780, 910, 1260, 1260, 1620, 1680, 1960, 2052, 2280, 3360, 5440]
26776



Initial Fitness Value

14  272  798  2970  6  130  1197  1680  720  1755  952  1728  462  840  1728  2520  432  700  1083  1200  910  300  760  714  720  1596  1040  570  840  378  


NUMBER OF STEPS
12

RANK OUTPUT
[12, 14, 26, 60, 84, 90, 210, 266, 270, 300, 544, 780, 840, 840, 855, 910, 1080, 1105, 1140, 1152, 1197, 1260, 1400, 1680, 1680, 1728, 2160, 2431, 2527, 2736]
29377

ROULETE OUTPUT
[6, 14, 105, 130, 160, 210, 210, 294, 300, 300, 378, 405, 448, 570, 684, 720, 720, 720, 760, 910, 1026, 1134, 1144, 1197, 1540, 2052, 2100, 2520, 2880, 3600]
27237

TOURNAMENT OUTPUT
[6, 14, 130, 144, 195, 224, 272, 294, 300, 400, 432, 567, 570, 594, 700, 720, 720, 760, 816, 840, 855, 952, 969, 1040, 1260, 1386, 1862, 2700, 2880, 3840]
26442

HYBRID OUTPUT
[10, 14, 63, 112, 128, 168, 240, 272, 300, 378, 420, 468, 546, 680, 756, 780, 840, 910, 1083, 1260, 1520, 1521, 1680, 1728, 1729, 1824, 1900, 2565, 2754, 2970]
29619



Initial Fitness Value

360  360  204  1120  459  3648  1350  840  840  1064  594  6480  360  1600  686  180  1440  630  2805  3168  110  2052  1040  351  176  24  850  39  1596  104  


NUMBER OF STEPS
4

RANK OUTPUT
[39, 40, 68, 104, 132, 156, 180, 204, 360, 360, 459, 572, 594, 600, 630, 686, 720, 840, 840, 1064, 1120, 1350, 1440, 1596, 1600, 1728, 2394, 2805, 3168, 6480]
32329

ROULETE OUTPUT
[24, 39, 104, 110, 136, 176, 180, 204, 360, 360, 360, 459, 594, 630, 770, 840, 840, 850, 1280, 1330, 1350, 1440, 1520, 1596, 2080, 2280, 2592, 2805, 3168, 3648]
32125

TOURNAMENT OUTPUT
[24, 39, 104, 110, 176, 180, 180, 204, 256, 351, 360, 360, 360, 459, 594, 630, 840, 850, 880, 1050, 1064, 1120, 1155, 1596, 1666, 1824, 2052, 3168, 3240, 3648]
28540

HYBRID OUTPUT
[39, 60, 104, 110, 120, 162, 180, 204, 360, 360, 360, 459, 510, 594, 630, 686, 840, 840, 960, 1064, 1120, 1350, 1440, 1596, 1600, 2805, 3168, 3648, 4788, 6480]
36637



Initial Fitness Value

440  570  2160  3366  432  64  3040  2736  756  48  28  225  728  98  2400  140  1500  380  2736  3740  1100  176  240  3264  1152  1232  144  1078  1200  540  


NUMBER OF STEPS
3

RANK OUTPUT
[28, 48, 60, 98, 144, 220, 225, 240, 300, 380, 432, 440, 440, 540, 728, 756, 840, 1078, 1100, 1152, 1200, 1232, 1584, 1836, 2000, 2160, 2736, 2736, 3040, 3264]
31037

ROULETE OUTPUT
[28, 48, 64, 98, 140, 144, 176, 225, 240, 342, 380, 432, 440, 540, 570, 728, 756, 960, 1078, 1100, 1152, 1200, 1232, 1600, 2160, 2400, 2448, 2736, 4180, 4180]
31777

TOURNAMENT OUTPUT
[28, 48, 64, 98, 140, 144, 176, 225, 240, 288, 380, 392, 432, 440, 540, 570, 720, 756, 1078, 1100, 1232, 1500, 2160, 2400, 2508, 2736, 3000, 3040, 3264, 3740]
33439

HYBRID OUTPUT
[28, 48, 64, 98, 144, 220, 225, 240, 374, 432, 440, 440, 540, 570, 700, 728, 756, 1078, 1100, 1152, 1200, 1232, 1760, 2000, 2160, 2736, 2736, 3040, 3264, 3366]
32871



Initial Fitness Value

240  3757  196  360  3553  324  150  390  816  396  576  560  135  5320  1980  1080  144  231  1836  1900  3900  462  76  760  50  2873  1040  546  312  756  


NUMBER OF STEPS
15

RANK OUTPUT
[10, 40, 44, 50, 108, 120, 120, 135, 150, 312, 546, 720, 756, 760, 896, 900, 1008, 1008, 1026, 1040, 1053, 1155, 1248, 1320, 1440, 1782, 2002, 2873, 3000, 3553]
29175

ROULETE OUTPUT
[50, 76, 90, 144, 150, 196, 216, 221, 240, 312, 324, 360, 363, 390, 396, 462, 520, 560, 684, 720, 780, 816, 1274, 1710, 1904, 1980, 2394, 2394, 3300, 3570]
26596

TOURNAMENT OUTPUT
[50, 76, 105, 108, 135, 144, 240, 252, 260, 270, 360, 363, 390, 480, 495, 528, 546, 560, 576, 756, 816, 1248, 1300, 2340, 2550, 3315, 3420, 3553, 4788, 5054]
35078

HYBRID OUTPUT
[26, 33, 50, 135, 200, 216, 224, 240, 297, 312, 340, 405, 546, 720, 720, 748, 756, 760, 1040, 1040, 1170, 1296, 1330, 1680, 1690, 1848, 2873, 3553, 3952, 5700]
33900



Initial Fitness Value

540  3040  1482  624  2340  192  825  1232  240  2280  912  40  2160  1170  2394  320  1155  1056  1800  2496  513  1326  6120  96  56  1530  4080  152  12  100  


NUMBER OF STEPS
5

RANK OUTPUT
[12, 40, 56, 96, 100, 144, 152, 192, 240, 513, 540, 660, 912, 1056, 1216, 1232, 1296, 1326, 1330, 1530, 1560, 1800, 1872, 1995, 2280, 2496, 2535, 3510, 4080, 6120]
40891

ROULETE OUTPUT
[12, 40, 56, 96, 100, 152, 192, 240, 320, 440, 513, 540, 544, 624, 675, 704, 800, 1056, 1155, 1170, 1274, 1360, 1482, 1530, 1800, 1836, 2340, 2394, 2496, 2700]
28641

TOURNAMENT OUTPUT
[12, 40, 56, 81, 90, 96, 100, 152, 192, 240, 320, 432, 540, 780, 825, 936, 950, 1026, 1056, 1155, 1232, 1482, 2160, 2280, 2394, 2496, 3536, 4080, 4160, 6120]
39019

HYBRID OUTPUT
[12, 40, 56, 96, 100, 152, 192, 240, 513, 539, 540, 624, 640, 720, 780, 912, 1056, 1232, 1326, 1530, 1800, 1824, 2106, 2145, 2280, 2470, 2496, 3990, 4080, 6120]
40611



Initial Fitness Value

360  2376  24  3240  171  6156  99  144  1248  2964  1134  156  2688  640  198  1170  380  2128  408  324  1664  2800  1224  440  112  640  306  672  648  1008  


NUMBER OF STEPS
20

RANK OUTPUT
[16, 24, 27, 42, 54, 104, 132, 140, 198, 216, 216, 360, 448, 504, 532, 684, 714, 720, 1040, 1056, 1620, 1664, 1800, 2508, 2800, 3240, 3420, 3510, 4180, 4320]
36289

ROULETE OUTPUT
[24, 90, 99, 112, 120, 136, 144, 168, 192, 198, 288, 300, 324, 440, 627, 640, 648, 672, 714, 720, 918, 1008, 1080, 1197, 1596, 1600, 1792, 3120, 3705, 5600]
28272

TOURNAMENT OUTPUT
[24, 36, 99, 108, 112, 120, 120, 156, 160, 171, 198, 220, 224, 252, 306, 324, 336, 400, 630, 640, 1008, 1056, 1170, 1224, 1440, 1520, 1792, 2100, 2800, 4212]
22958

HYBRID OUTPUT
[28, 40, 48, 76, 144, 171, 176, 198, 210, 224, 240, 242, 264, 308, 324, 513, 544, 546, 600, 612, 728, 960, 1368, 1530, 1664, 2560, 2800, 3240, 3240, 5040]
28638



Initial Fitness Value

1026  960  96  5760  9  2210  546  1900  3420  924  1560  4522  88  2310  234  420  360  1056  32  1120  3458  880  136  1040  5600  1848  52  2268  1672  528  


NUMBER OF STEPS
2

RANK OUTPUT
[9, 32, 52, 64, 88, 136, 234, 360, 420, 456, 528, 546, 720, 880, 924, 1040, 1056, 1120, 1560, 1672, 1848, 1900, 1950, 2268, 2310, 3420, 3458, 4522, 5600, 6800]
45973

ROULETE OUTPUT
[9, 32, 52, 88, 96, 136, 234, 360, 420, 546, 576, 880, 924, 960, 1026, 1040, 1056, 1120, 1530, 1560, 1672, 1848, 2210, 2268, 2310, 3458, 3762, 5040, 5320, 5760]
46293

TOURNAMENT OUTPUT
[9, 32, 52, 88, 96, 136, 234, 360, 420, 528, 546, 880, 924, 960, 1026, 1040, 1056, 1120, 1672, 1848, 1900, 1920, 2210, 2268, 2310, 3211, 3420, 4522, 5040, 5760]
45588

HYBRID OUTPUT
[9, 52, 88, 96, 136, 234, 252, 256, 360, 420, 528, 546, 880, 924, 1040, 1056, 1080, 1560, 1620, 1672, 1848, 1900, 2210, 2268, 2310, 3420, 3458, 4522, 5600, 5760]
46105



Initial Fitness Value

2888  720  384  240  816  528  1870  2295  560  6840  1428  432  1728  1900  18  210  240  378  1020  216  1216  1008  720  315  2805  400  324  1672  399  2184  


NUMBER OF STEPS
1

RANK OUTPUT
[18, 210, 216, 224, 240, 315, 324, 378, 384, 399, 400, 432, 528, 560, 600, 720, 816, 1008, 1020, 1216, 1428, 1672, 1728, 1870, 1900, 2295, 2805, 2808, 2888, 6840]
36242

ROULETE OUTPUT
[18, 210, 216, 240, 240, 315, 324, 378, 384, 399, 400, 432, 528, 560, 720, 720, 816, 1008, 1020, 1216, 1428, 1672, 1728, 1870, 1900, 2184, 2295, 2805, 2888, 6840]
35754

TOURNAMENT OUTPUT
[18, 176, 210, 216, 240, 240, 315, 324, 378, 384, 399, 400, 432, 528, 720, 720, 816, 1008, 1020, 1216, 1428, 1672, 1870, 1900, 2184, 2295, 2432, 2805, 2888, 6840]
36074

HYBRID OUTPUT
[18, 162, 210, 216, 240, 240, 324, 360, 378, 384, 399, 400, 432, 528, 560, 720, 816, 1020, 1216, 1428, 1672, 1728, 1870, 1900, 2184, 2295, 2805, 2888, 3360, 6840]
37593



