Initial Fitness Value

27  1536  3990  3240  70  2720  210  816  400  1350  1190  102  560  28  1020  360  350  1064  540  972  6080  952  400  2197  810  768  2052  320  306  2304  


NUMBER OF STEPS
3

RANK OUTPUT
[27, 28, 70, 102, 210, 306, 320, 350, 360, 384, 400, 400, 540, 560, 768, 810, 816, 952, 972, 1020, 1064, 1190, 1440, 2052, 2197, 2304, 3264, 3420, 3990, 6120]
36436

ROULETE OUTPUT
[27, 28, 70, 102, 169, 210, 306, 320, 350, 360, 400, 400, 408, 540, 560, 768, 816, 952, 972, 1020, 1064, 1120, 1190, 1536, 1755, 2052, 2304, 3240, 3990, 6080]
33109

TOURNAMENT OUTPUT
[27, 28, 48, 70, 102, 210, 306, 320, 350, 360, 400, 400, 540, 540, 560, 768, 912, 952, 972, 1020, 1064, 1190, 1536, 2052, 2197, 2720, 3600, 3990, 4320, 5700]
37254

HYBRID OUTPUT
[27, 28, 70, 96, 102, 210, 306, 320, 350, 360, 400, 400, 540, 560, 768, 952, 972, 975, 1020, 1064, 1190, 1536, 1904, 2052, 2197, 2550, 2720, 3040, 3600, 4800]
35109



Initial Fitness Value

320  2200  1560  1260  520  2652  224  2340  816  756  4560  1428  45  260  3230  80  1260  1444  144  270  240  2565  1053  1710  504  85  480  3520  272  170  


NUMBER OF STEPS
5

RANK OUTPUT
[45, 80, 85, 144, 170, 224, 240, 270, 272, 280, 285, 480, 504, 520, 540, 756, 816, 1053, 1080, 1400, 1400, 1428, 1560, 2142, 2340, 3230, 3520, 4332, 4446, 4560]
38202

ROULETE OUTPUT
[45, 80, 85, 144, 168, 170, 224, 240, 260, 270, 272, 480, 504, 520, 612, 1053, 1071, 1260, 1260, 1444, 1560, 1710, 1920, 2200, 2340, 2508, 2565, 3400, 4160, 4560]
37085

TOURNAMENT OUTPUT
[45, 80, 85, 144, 150, 170, 171, 224, 270, 272, 361, 480, 504, 520, 560, 756, 756, 950, 1053, 1224, 1260, 1560, 1596, 1870, 2200, 2520, 2520, 2856, 3168, 4560]
32885

HYBRID OUTPUT
[45, 80, 85, 108, 120, 144, 150, 160, 170, 171, 224, 270, 272, 408, 480, 504, 520, 720, 756, 912, 945, 1053, 1105, 1260, 1368, 1560, 2200, 2520, 3120, 5472]
26902



Initial Fitness Value

216  560  342  960  320  4180  2888  100  1872  1600  748  1008  520  3240  1248  102  741  1152  680  360  432  132  4284  300  3600  3366  1664  378  1800  2080  


NUMBER OF STEPS
11

RANK OUTPUT
[88, 100, 102, 216, 240, 252, 320, 360, 384, 560, 624, 680, 748, 760, 768, 780, 780, 1152, 1224, 1248, 1248, 1600, 1800, 2166, 2860, 3192, 3240, 3300, 3366, 3610]
37768

ROULETE OUTPUT
[100, 132, 216, 225, 300, 342, 360, 360, 378, 432, 432, 520, 560, 646, 663, 680, 748, 960, 960, 1008, 1200, 1248, 1296, 1728, 1728, 1760, 1800, 2856, 4680, 6460]
34778

TOURNAMENT OUTPUT
[100, 102, 144, 180, 198, 208, 216, 256, 320, 324, 360, 399, 560, 640, 672, 680, 748, 780, 832, 1014, 1080, 1152, 1600, 1710, 1800, 1872, 2400, 3230, 3240, 3366]
30183

HYBRID OUTPUT
[24, 88, 100, 102, 156, 160, 216, 240, 260, 320, 360, 532, 616, 680, 684, 748, 924, 1152, 1248, 1248, 1344, 1600, 1672, 1710, 1800, 2496, 2736, 3366, 4320, 5491]
36393



Initial Fitness Value

462  1904  1820  2850  81  972  440  420  160  810  72  1638  272  784  726  1872  1170  4199  550  132  324  2240  260  780  600  72  1300  475  110  15  


NUMBER OF STEPS
43

RANK OUTPUT
[18, 30, 48, 50, 72, 76, 108, 180, 180, 225, 240, 280, 416, 432, 440, 450, 594, 600, 627, 672, 880, 990, 1200, 1330, 1596, 1805, 2057, 2106, 2394, 2660]
22756

ROULETE OUTPUT
[15, 72, 72, 78, 78, 85, 100, 108, 120, 132, 132, 240, 240, 240, 300, 325, 330, 351, 380, 440, 468, 480, 510, 550, 720, 900, 1200, 1881, 2310, 3328]
16185

TOURNAMENT OUTPUT
[15, 22, 45, 68, 72, 84, 90, 98, 120, 130, 150, 160, 180, 208, 210, 247, 260, 315, 324, 360, 576, 648, 780, 912, 924, 1386, 1430, 1620, 3640, 4420]
19494

HYBRID OUTPUT
[15, 39, 55, 64, 72, 77, 95, 130, 135, 150, 198, 200, 210, 240, 264, 297, 330, 342, 448, 560, 800, 840, 1000, 1080, 1326, 1400, 1728, 1824, 2652, 3825]
20396



Initial Fitness Value

120  1430  3744  1680  40  2880  882  144  900  44  2240  490  4180  900  4080  152  56  784  1134  1680  1408  126  90  300  132  1881  200  1650  1404  75  


NUMBER OF STEPS
2

RANK OUTPUT
[40, 44, 56, 75, 90, 120, 126, 132, 144, 152, 200, 300, 490, 784, 880, 882, 900, 900, 1134, 1404, 1408, 1650, 1680, 1881, 2240, 2520, 3120, 3744, 4080, 4180]
35356

ROULETE OUTPUT
[40, 44, 56, 75, 90, 120, 126, 132, 144, 152, 200, 300, 490, 600, 784, 864, 882, 900, 1134, 1404, 1408, 1430, 1650, 1881, 2240, 2880, 3744, 4080, 4180, 5320]
37350

TOURNAMENT OUTPUT
[40, 44, 56, 75, 90, 120, 126, 132, 144, 152, 200, 300, 490, 540, 770, 784, 882, 900, 900, 1134, 1404, 1408, 1560, 1680, 2240, 3744, 4080, 4180, 5440, 5776]
39391

HYBRID OUTPUT
[40, 44, 56, 75, 90, 120, 126, 132, 144, 152, 200, 300, 490, 693, 784, 840, 882, 900, 900, 1134, 1215, 1404, 1408, 1680, 1920, 1920, 2808, 3744, 4080, 4180]
32461



Initial Fitness Value

228  54  7  160  360  476  663  462  160  50  384  361  2240  3060  1800  1512  1120  3744  196  1638  1800  3600  3249  54  4693  2420  1729  1170  720  480  


NUMBER OF STEPS
4

RANK OUTPUT
[7, 28, 50, 54, 160, 182, 196, 228, 288, 361, 384, 462, 480, 486, 663, 720, 1120, 1170, 1512, 1729, 1800, 1800, 1920, 2240, 2420, 3060, 3744, 3971, 4693, 5780]
41708

ROULETE OUTPUT
[7, 50, 54, 54, 160, 160, 196, 228, 360, 361, 384, 462, 476, 480, 504, 594, 663, 720, 1120, 1170, 1452, 1539, 1638, 1729, 1800, 1800, 2340, 4480, 4693, 5184]
34858

TOURNAMENT OUTPUT
[7, 50, 54, 54, 104, 160, 160, 196, 228, 361, 384, 462, 480, 663, 720, 720, 1120, 1170, 1596, 1729, 1800, 1800, 2240, 2420, 2527, 2574, 2700, 2704, 3078, 5508]
37769

HYBRID OUTPUT
[7, 50, 54, 54, 160, 160, 195, 196, 228, 308, 361, 378, 384, 462, 480, 663, 720, 864, 1120, 1170, 1235, 1729, 1800, 1800, 2160, 2240, 2380, 2420, 3240, 3400]
30418



Initial Fitness Value

2736  24  1078  2592  204  108  1680  6  288  144  325  72  5491  76  60  264  320  704  273  221  880  3570  1995  6  672  1224  1200  5472  2156  800  


NUMBER OF STEPS
21

RANK OUTPUT
[6, 6, 12, 16, 34, 60, 76, 120, 216, 240, 264, 288, 320, 476, 495, 504, 616, 660, 728, 847, 1296, 1456, 1530, 1584, 1881, 2040, 2280, 2860, 3456, 6080]
30447

ROULETE OUTPUT
[6, 6, 24, 60, 72, 72, 76, 108, 120, 144, 144, 264, 273, 304, 325, 576, 612, 665, 680, 720, 768, 836, 1330, 1368, 1650, 1760, 1900, 2052, 3060, 3584]
23559

TOURNAMENT OUTPUT
[6, 6, 24, 48, 60, 96, 119, 128, 168, 169, 231, 264, 288, 288, 320, 342, 400, 440, 576, 612, 660, 684, 756, 1050, 1100, 1224, 1836, 2520, 3600, 4522]
22537

HYBRID OUTPUT
[6, 6, 24, 36, 60, 76, 144, 220, 220, 238, 240, 264, 264, 288, 320, 342, 360, 500, 588, 760, 972, 1088, 1092, 1152, 1300, 1360, 1470, 1547, 1728, 3648]
20313



Initial Fitness Value

588  1680  1638  450  420  220  3380  490  3380  2080  3420  3000  1728  936  1377  84  432  2700  96  144  2431  612  3744  420  450  3332  275  6156  1664  3780  


NUMBER OF STEPS
2

RANK OUTPUT
[84, 96, 140, 144, 275, 420, 420, 432, 450, 490, 588, 612, 684, 936, 1377, 1638, 1664, 1728, 2080, 2400, 2431, 2700, 2856, 3000, 3042, 3380, 3420, 3744, 3780, 4788]
49799

ROULETE OUTPUT
[84, 96, 144, 220, 275, 420, 420, 432, 450, 450, 490, 588, 612, 936, 1638, 1664, 1680, 1728, 1870, 2080, 2106, 2431, 2700, 3000, 3332, 3380, 3380, 3780, 4680, 6156]
51222

TOURNAMENT OUTPUT
[84, 96, 144, 220, 275, 420, 420, 432, 450, 450, 490, 588, 612, 936, 1377, 1638, 1664, 1680, 1728, 2080, 2340, 2431, 2660, 3000, 3380, 3420, 3744, 3780, 3978, 5400]
49917

HYBRID OUTPUT
[84, 96, 144, 220, 275, 420, 420, 432, 450, 450, 490, 588, 612, 936, 1377, 1638, 1664, 1680, 1728, 2080, 2431, 2700, 2700, 3332, 3380, 3420, 3744, 3780, 4680, 4788]
50739



