Initial Fitness Value

900  418  352  126  1530  1620  784  320  70  304  432  3536  270  768  204  110  456  2128  288  1026  1125  1620  1560  3332  1615  2178  90  595  504  924  


NUMBER OF STEPS
33

RANK OUTPUT
[28, 50, 72, 102, 110, 132, 154, 156, 192, 216, 240, 378, 420, 476, 480, 490, 560, 714, 900, 900, 1020, 1122, 1188, 1200, 1216, 1368, 1547, 1600, 2128, 2940]
22099

ROULETE OUTPUT
[64, 70, 84, 90, 110, 153, 171, 180, 204, 210, 270, 272, 288, 340, 352, 405, 420, 495, 504, 525, 600, 756, 840, 968, 1300, 1320, 1368, 1728, 2800, 4332]
21219

TOURNAMENT OUTPUT
[9, 48, 68, 70, 110, 126, 132, 144, 150, 189, 228, 252, 266, 308, 336, 432, 468, 560, 585, 595, 600, 1080, 1200, 1408, 1638, 1638, 1728, 1900, 2688, 3952]
22908

HYBRID OUTPUT
[30, 30, 91, 96, 110, 176, 200, 216, 224, 240, 256, 288, 306, 425, 456, 504, 570, 576, 836, 900, 918, 1287, 1530, 1980, 2128, 2156, 2160, 2448, 2592, 4032]
27761



Initial Fitness Value

320  1296  1456  2040  2145  2860  99  1008  91  2736  120  324  1900  2700  360  2592  1008  836  490  119  900  728  800  672  1584  1080  4080  2380  360  1768  


NUMBER OF STEPS
17

RANK OUTPUT
[15, 16, 56, 70, 102, 120, 300, 360, 432, 448, 560, 616, 684, 720, 728, 825, 840, 1008, 1056, 1080, 1210, 1224, 1296, 1560, 1638, 1980, 2160, 2376, 2394, 3420]
29294

ROULETE OUTPUT
[56, 98, 99, 119, 120, 140, 180, 216, 240, 240, 273, 288, 304, 324, 380, 399, 490, 512, 630, 728, 800, 900, 900, 1008, 1400, 1560, 1650, 1800, 1904, 2380]
20138

TOURNAMENT OUTPUT
[36, 80, 88, 99, 114, 119, 135, 144, 152, 160, 168, 312, 320, 330, 532, 770, 840, 936, 1001, 1008, 1152, 1296, 1584, 1600, 1700, 1820, 1976, 2304, 2312, 2720]
25808

HYBRID OUTPUT
[4, 98, 112, 180, 360, 380, 448, 504, 520, 528, 672, 684, 900, 900, 990, 1008, 1071, 1080, 1120, 1309, 1360, 1560, 1573, 1584, 1768, 2040, 2142, 2160, 2508, 6080]
35643



Initial Fitness Value

5100  900  2240  884  3640  416  340  2520  2660  270  570  440  100  1215  910  1870  1188  252  2640  1200  320  2448  1260  315  126  126  476  2600  720  22  


NUMBER OF STEPS
20

RANK OUTPUT
[18, 35, 72, 117, 162, 168, 252, 252, 308, 400, 459, 500, 578, 624, 630, 640, 748, 882, 1300, 1680, 1683, 1848, 2040, 2470, 2640, 2772, 3060, 3360, 3800, 4032]
37530

ROULETE OUTPUT
[22, 34, 100, 120, 126, 126, 231, 252, 315, 320, 340, 416, 440, 520, 570, 630, 630, 900, 975, 1134, 1296, 1680, 1764, 1870, 1936, 2736, 3040, 3240, 3600, 4480]
33843

TOURNAMENT OUTPUT
[22, 80, 81, 90, 91, 100, 120, 120, 126, 140, 270, 320, 416, 539, 561, 612, 720, 1064, 1200, 1260, 1320, 1620, 2040, 2128, 2268, 2340, 2772, 2925, 3240, 3978]
32563

HYBRID OUTPUT
[18, 77, 96, 108, 117, 154, 156, 208, 216, 252, 364, 528, 630, 630, 896, 972, 990, 1083, 1105, 1360, 1404, 1638, 1755, 1800, 2016, 2912, 3080, 3240, 3740, 4032]
35577



Initial Fitness Value

288  2052  360  5184  1995  3978  180  5700  90  1078  1368  3249  702  1170  833  4446  3094  3600  784  540  1672  196  266  495  448  672  4480  765  4320  1760  


NUMBER OF STEPS
1

RANK OUTPUT
[90, 180, 196, 266, 288, 360, 448, 495, 540, 672, 702, 765, 784, 833, 1078, 1170, 1368, 1672, 1760, 1995, 2052, 3094, 3249, 3600, 3978, 4320, 4446, 4480, 5184, 5700]
55765

ROULETE OUTPUT
[90, 180, 196, 266, 288, 360, 448, 495, 540, 672, 702, 765, 784, 833, 1078, 1170, 1368, 1672, 1760, 1995, 2052, 2600, 3094, 3249, 3600, 4320, 4446, 4760, 5184, 5700]
54667

TOURNAMENT OUTPUT
[45, 90, 180, 196, 266, 288, 360, 448, 495, 540, 672, 702, 784, 833, 1078, 1170, 1368, 1672, 1760, 1995, 2052, 2304, 3094, 3249, 3300, 3978, 4446, 4480, 5184, 5700]
52729

HYBRID OUTPUT
[34, 90, 180, 196, 266, 320, 448, 495, 540, 672, 702, 765, 784, 833, 1078, 1170, 1320, 1368, 1672, 1760, 1995, 3094, 3249, 3600, 3978, 4320, 4446, 4480, 5184, 5700]
54739



Initial Fitness Value

100  684  360  10  2240  2244  3240  3192  1008  340  2520  616  1400  1560  1800  1520  595  144  165  1760  700  1680  1080  153  45  140  65  462  252  2160  


NUMBER OF STEPS
11

RANK OUTPUT
[9, 45, 100, 140, 144, 153, 156, 165, 168, 198, 210, 220, 240, 340, 595, 648, 1008, 1008, 1020, 1120, 1200, 1260, 1440, 1520, 1800, 2052, 2380, 2432, 3192, 5040]
30003

ROULETE OUTPUT
[10, 45, 65, 84, 100, 140, 144, 153, 165, 210, 340, 360, 440, 462, 480, 595, 600, 672, 684, 700, 792, 1200, 1512, 1584, 1760, 1800, 2128, 2400, 2700, 4760]
27085

TOURNAMENT OUTPUT
[10, 45, 65, 99, 100, 140, 144, 165, 252, 340, 360, 450, 528, 588, 600, 714, 720, 816, 850, 1368, 1520, 1560, 1620, 1672, 1872, 1890, 2240, 2880, 3240, 4560]
31408

HYBRID OUTPUT
[25, 45, 54, 90, 100, 140, 144, 153, 165, 280, 462, 595, 684, 700, 748, 750, 760, 768, 864, 924, 1008, 1080, 1260, 1596, 1820, 2000, 2560, 2880, 3192, 5508]
31355




Initial Fitness Value

2430  3762  1050  144  102  153  2520  2772  455  330  1638  1463  48  3040  756  500  144  4200  858  720  576  560  720  1056  420  2592  234  660  2736  450  


NUMBER OF STEPS
7

RANK OUTPUT
[11, 16, 112, 234, 252, 308, 330, 432, 450, 455, 500, 560, 576, 660, 660, 720, 720, 918, 960, 1050, 1428, 1463, 1482, 1638, 1680, 2430, 2736, 3000, 3040, 3420]
32241

ROULETE OUTPUT
[48, 102, 144, 144, 153, 234, 330, 350, 420, 450, 455, 576, 630, 660, 672, 720, 858, 880, 1056, 1463, 1638, 1792, 1938, 2106, 2160, 2520, 2754, 3600, 3960, 5054]
37867

TOURNAMENT OUTPUT
[48, 102, 144, 144, 153, 234, 252, 300, 320, 330, 420, 450, 455, 500, 560, 576, 660, 756, 858, 1056, 1120, 1386, 2430, 2520, 2592, 2717, 3040, 3344, 3780, 4046]
35293

HYBRID OUTPUT
[64, 110, 144, 144, 153, 153, 160, 234, 390, 450, 462, 500, 660, 720, 756, 768, 800, 1008, 1008, 1050, 1144, 1368, 1463, 1638, 1638, 1680, 2430, 2736, 3762, 3780]
31373



Initial Fitness Value

2210  1463  304  12  360  1320  6137  1680  1020  266  3510  168  5508  882  1134  84  1224  360  40  360  286  2992  108  304  960  1584  672  5  2352  144  


NUMBER OF STEPS
1

RANK OUTPUT
[5, 36, 40, 84, 108, 144, 168, 266, 286, 304, 304, 360, 360, 360, 672, 880, 882, 960, 1020, 1134, 1224, 1309, 1584, 1680, 2210, 2352, 2992, 3510, 5508, 6137]
36879

ROULETE OUTPUT
[5, 12, 40, 84, 108, 144, 168, 266, 286, 304, 304, 360, 360, 360, 672, 882, 960, 1020, 1134, 1224, 1320, 1463, 1584, 1680, 2210, 2352, 2992, 3510, 5508, 6137]
37449

TOURNAMENT OUTPUT
[5, 12, 40, 56, 84, 108, 144, 168, 266, 304, 304, 360, 360, 360, 672, 882, 960, 1020, 1134, 1232, 1320, 1463, 1584, 2106, 2210, 2352, 2992, 3510, 5508, 6137]
37653

HYBRID OUTPUT
[5, 12, 40, 84, 108, 144, 168, 266, 286, 304, 304, 360, 360, 360, 672, 882, 960, 1020, 1134, 1224, 1320, 1463, 1584, 1680, 2210, 2352, 2992, 3510, 5508, 6137]
37449



Initial Fitness Value

264  152  3240  1275  260  288  715  132  720  1620  2380  850  1170  1260  56  960  4845  1350  286  627  144  112  1680  135  665  3825  340  36  400  160  


NUMBER OF STEPS
15

RANK OUTPUT
[8, 8, 30, 34, 56, 88, 108, 153, 216, 240, 264, 280, 286, 475, 528, 720, 765, 960, 1045, 1092, 1260, 1292, 1350, 1404, 1620, 2380, 2800, 3510, 4446, 4845]
32263

ROULETE OUTPUT
[36, 96, 99, 112, 135, 144, 152, 160, 169, 170, 209, 220, 260, 264, 272, 288, 416, 627, 648, 702, 720, 825, 1156, 1188, 1200, 1260, 1350, 1620, 2380, 4680]
21558

TOURNAMENT OUTPUT
[6, 10, 12, 20, 36, 56, 64, 132, 135, 260, 264, 286, 342, 400, 720, 825, 850, 880, 960, 960, 1170, 1260, 1309, 1368, 1638, 1904, 2295, 2394, 2430, 4590]
27576

HYBRID OUTPUT
[8, 12, 18, 80, 143, 168, 190, 216, 240, 264, 264, 286, 336, 570, 648, 702, 810, 891, 1200, 1260, 1350, 1444, 1620, 1768, 2128, 2142, 2295, 2720, 4199, 5130]
33102



Initial Fitness Value

24  342  220  3600  105  504  504  396  1430  45  80  99  448  336  760  255  728  1980  2520  912  672  475  4560  210  800  399  2304  588  1728  513  


NUMBER OF STEPS
12

RANK OUTPUT
[12, 15, 30, 99, 120, 180, 252, 285, 330, 336, 336, 342, 360, 396, 399, 448, 520, 588, 630, 760, 912, 1008, 1368, 1728, 1980, 2244, 2304, 2520, 3640, 4560]
28702

ROULETE OUTPUT
[24, 45, 80, 100, 105, 110, 210, 220, 255, 396, 480, 504, 504, 512, 513, 630, 672, 702, 760, 800, 912, 1056, 1088, 1120, 1210, 1430, 1512, 2660, 2730, 4332]
25672

TOURNAMENT OUTPUT
[24, 45, 80, 99, 105, 144, 168, 176, 182, 220, 255, 342, 390, 500, 504, 504, 532, 624, 672, 684, 836, 1120, 1152, 1232, 1672, 1728, 1936, 2420, 3240, 5320]
26906

HYBRID OUTPUT
[42, 45, 50, 60, 70, 99, 108, 150, 220, 336, 360, 420, 432, 432, 440, 448, 513, 588, 605, 760, 768, 1368, 1728, 1872, 2166, 2400, 2520, 2700, 3211, 4560]
29471



Initial Fitness Value

2652  816  10  5508  1520  2873  910  2156  935  200  153  1575  1989  600  912  1824  40  396  88  605  10  4788  350  133  4788  168  1200  2431  4860  32  


NUMBER OF STEPS
2

RANK OUTPUT
[10, 10, 32, 40, 88, 133, 153, 168, 200, 350, 396, 572, 600, 605, 910, 912, 935, 1200, 1520, 1575, 1824, 1989, 2156, 2431, 2652, 3978, 4788, 4788, 4860, 5508]
45383

ROULETE OUTPUT
[10, 10, 32, 40, 88, 133, 153, 168, 200, 350, 396, 600, 605, 816, 910, 912, 935, 945, 1200, 1520, 1824, 1872, 2156, 2652, 3315, 3978, 4199, 4788, 4788, 5508]
45103

TOURNAMENT OUTPUT
[10, 10, 32, 40, 88, 133, 153, 168, 200, 350, 396, 429, 600, 605, 816, 910, 935, 1105, 1200, 1520, 1575, 1824, 1989, 2156, 2431, 3264, 4788, 4788, 4860, 5508]
42883

HYBRID OUTPUT
[10, 10, 32, 40, 88, 133, 153, 168, 200, 350, 396, 585, 600, 605, 816, 912, 1105, 1200, 1520, 1575, 1824, 1989, 2352, 2431, 2652, 3315, 4788, 4788, 4860, 5508]
45005



Initial Fitness Value

95  153  960  896  1440  306  1800  528  432  432  560  1248  910  4160  3094  1320  2112  100  2550  1800  2470  208  660  2660  560  180  1152  1200  2280  2184  


NUMBER OF STEPS
5

RANK OUTPUT
[56, 95, 100, 105, 180, 182, 432, 432, 528, 540, 560, 560, 910, 1152, 1152, 1200, 1248, 1600, 1768, 1800, 1800, 2112, 2184, 2280, 2550, 2640, 2660, 3040, 3640, 5491]
42997

ROULETE OUTPUT
[95, 100, 153, 180, 208, 306, 306, 432, 528, 560, 560, 600, 660, 780, 896, 910, 960, 1152, 1320, 1440, 1520, 1536, 1800, 1800, 1820, 2112, 2470, 2652, 2660, 3360]
33876

TOURNAMENT OUTPUT
[95, 100, 153, 180, 208, 216, 240, 306, 420, 432, 528, 560, 576, 624, 660, 896, 910, 1152, 1296, 1320, 1584, 1800, 1848, 2016, 2280, 2550, 2660, 3380, 4200, 4940]
38130

HYBRID OUTPUT
[9, 80, 95, 100, 240, 432, 432, 528, 560, 560, 910, 960, 1020, 1188, 1224, 1248, 1792, 1800, 1800, 1890, 1976, 2112, 2184, 2280, 2550, 2660, 2880, 3458, 3960, 4160]
45088



Initial Fitness Value

400  1881  1296  1512  5440  741  1360  720  6120  78  672  120  2400  168  256  720  225  672  340  3920  1540  1344  168  60  64  975  192  152  2618  578  


NUMBER OF STEPS
4

RANK OUTPUT
[60, 64, 72, 78, 120, 152, 168, 168, 168, 192, 340, 400, 578, 672, 693, 720, 720, 975, 1152, 1296, 1344, 1360, 1540, 2280, 2400, 2618, 3920, 4446, 5168, 6120]
39984

ROULETE OUTPUT
[30, 60, 64, 78, 120, 152, 168, 192, 225, 228, 256, 340, 400, 672, 672, 720, 720, 741, 975, 1296, 1344, 1360, 1540, 1764, 1881, 2400, 2618, 3120, 3888, 6800]
34824

TOURNAMENT OUTPUT
[60, 64, 78, 120, 152, 168, 168, 192, 225, 256, 340, 400, 480, 578, 660, 672, 672, 720, 975, 1296, 1344, 1360, 1540, 1680, 1881, 2618, 3536, 3920, 5440, 6120]
37715

HYBRID OUTPUT
[78, 96, 120, 126, 152, 168, 168, 180, 192, 192, 195, 340, 400, 578, 672, 720, 720, 969, 1296, 1344, 1360, 1540, 1638, 1872, 1881, 2400, 2618, 3840, 3920, 6120]
35895



Initial Fitness Value

380  2240  2142  7220  352  476  714  840  1782  768  245  975  440  216  510  320  960  588  1520  1976  1836  532  48  512  220  192  4860  990  288  288  


NUMBER OF STEPS
3

RANK OUTPUT
[48, 105, 192, 220, 264, 288, 288, 320, 324, 352, 380, 476, 510, 512, 532, 588, 714, 840, 960, 990, 1125, 1280, 1520, 1782, 1836, 1976, 2142, 2800, 4860, 5320]
33544

ROULETE OUTPUT
[48, 192, 216, 220, 245, 288, 288, 320, 352, 380, 440, 510, 512, 532, 588, 714, 840, 840, 960, 975, 990, 1292, 1520, 1536, 1666, 1782, 1836, 1976, 2052, 2268]
26378

TOURNAMENT OUTPUT
[48, 192, 216, 220, 234, 245, 288, 288, 320, 352, 380, 440, 476, 510, 512, 532, 588, 675, 768, 816, 960, 990, 1512, 1520, 1836, 2142, 2520, 3808, 4860, 7220]
35468

HYBRID OUTPUT
[48, 192, 220, 245, 270, 288, 288, 320, 352, 352, 360, 380, 476, 510, 512, 532, 588, 714, 840, 960, 990, 1520, 1782, 1836, 1976, 2142, 2240, 2704, 4860, 7220]
35717



Initial Fitness Value

52  663  400  816  1140  525  741  1680  340  208  225  1728  120  1729  64  208  128  30  160  2376  1053  3315  684  3249  1152  2028  98  450  24  384  


NUMBER OF STEPS
40

RANK OUTPUT
[15, 30, 44, 44, 55, 64, 68, 104, 120, 128, 160, 192, 360, 418, 429, 448, 456, 480, 513, 646, 648, 720, 760, 816, 1287, 1456, 1512, 1782, 3800, 3920]
21475

ROULETE OUTPUT
[24, 30, 52, 64, 90, 96, 98, 112, 120, 130, 132, 160, 187, 270, 315, 340, 380, 572, 576, 594, 720, 741, 896, 1200, 1365, 1521, 1800, 1980, 3120, 4320]
22005

TOURNAMENT OUTPUT
[20, 24, 30, 30, 32, 33, 48, 54, 60, 64, 66, 75, 128, 144, 160, 168, 252, 312, 324, 476, 512, 546, 624, 975, 1170, 1620, 2280, 3328, 3990, 5491]
23036

HYBRID OUTPUT
[16, 18, 20, 20, 48, 51, 84, 99, 112, 150, 228, 280, 280, 312, 360, 456, 480, 540, 756, 792, 855, 988, 1020, 1134, 1280, 1664, 1950, 2912, 5415, 6460]
28780



